922
167 210
1 2
634 178
891 370
176 23
84 391
897 186
184 173
755 12
769 253
223 856
549 38
182 748
225 231
268 764
241 907
85 506
251 274
448 766
436 673
617 41
215 793
496 28
364 109
854 656
60 31
86 238
553 557
4 7
259 406
920 556
699 839
699 637
475 70
371 243
393 230
227 133
282 299
141 96
295 562
705 253
459 72
185 595
78 377
93 162
708 92
141 261
32 23
668 685
543 770
757 415
178 687
511 525
569 412
713 574
245 90
127 140
58 35
621 242
9 23
107 89
59 138
845 165
134 638
830 824
95 159
6 215
55 2
38 75
610 365
554 402
106 257
84 9
101 488
442 347
255 507
364 573
420 56
485 209
225 831
2 4
784 697
33 570
119 188
91 10
292 21
137 152
415 373
225 419
661 476
268 915
691 874
224 331
623 240
643 220
125 246
10 13
11 26
501 202
796 146
68 205
424 652
155 613
75 151
391 817
40 739
174 108
258 96
444 364
10 50
577 771
261 777
206 158
452 272
319 528
440 768
778 339
29 461
222 631
260 668
541 12
290 78
53 89
164 202
474 329
71 276
456 861
700 599
59 322
74 17
341 226
83 96
142 200
663 233
775 333
660 285
25 51
218 14
293 324
16 392
11 580
651 138
83 762
719 638
803 635
797 575
498 153
115 224
620 330
43 100
790 384
188 510
94 589
359 628
684 782
228 187
54 310
758 563
232 347
302 36
220 698
536 664
867 548
675 102
689 767
639 95
47 117
7 901
409 560
670 877
89 794
108 54
439 522
216 402
765 296
159 329
168 237
648 36
325 136
44 260
641 670
254 81
380 179
389 551
43 30
641 884
298 802
680 347
821 669
476 454
604 268
237 344
192 119
310 808
287 28
72 250
142 407
477 80
303 878
608 263
34 90
703 483
146 38
489 911
836 491
69 750
111 153
5 39
190 9
294 721
540 73
668 706
416 97
392 722
71 857
600 255
193 676
914 41
73 16
443 479
409 508
205 268
649 64
776 60
515 682
785 291
380 611
62 397
801 663
114 704
650 471
218 864
43 265
641 697
605 317
86 80
76 19
351 61
323 113
449 679
519 276
482 59
178 34
69 35
98 537
13 865
31 40
85 61
217 242
307 68
9 165
219 154
534 853
100 259
28 25
133 458
95 46
296 55
399 209
10 3
426 186
75 81
296 518
742 121
374 753
430 749
546 359
92 74
383 473
24 87
384 582
880 753
493 61
428 69
4 11
627 38
78 139
544 478
664 743
372 108
446 820
265 439
3 18
215 678
102 177
313 106
829 136
38 113
405 392
908 261
80 294
74 150
16 6
341 403
95 179
447 812
892 723
264 394
176 629
333 66
255 90
253 681
45 15
297 306
224 244
182 17
4 318
9 6
288 342
134 701
441 852
4 204
876 321
855 255
441 422
298 497
601 189
179 453
437 91
221 18
445 401
173 77
349 434
338 244
160 83
72 358
352 95
657 27
843 685
121 883
268 842
111 598
609 512
555 363
169 702
672 795
20 94
841 348
122 320
354 568
404 39
403 449
130 94
513 243
75 281
691 12
133 357
77 321
72 235
359 550
754 606
346 309
185 336
781 730
232 150
417 259
317 425
553 424
32 78
64 454
517 671
406 606
504 122
256 277
154 647
809 370
26 837
320 327
471 257
291 74
301 101
378 301
274 361
127 468
882 580
259 654
46 49
97 780
72 183
593 556
472 359
773 69
147 376
63 574
237 886
264 436
169 156
798 30
725 668
308 309
208 328
229 433
3 665
539 390
910 101
91 273
478 266
848 304
489 205
109 50
173 180
443 32
6 1
62 799
386 103
274 922
52 147
343 740
102 66
353 710
850 39
264 690
534 677
47 653
579 616
741 313
492 418
502 451
326 107
212 149
137 167
161 152
292 881
608 635
10 111
562 619
844 715
716 615
709 186
585 262
134 66
240 14
135 48
96 99
545 158
8 659
73 239
304 118
118 332
27 365
20 369
204 612
114 30
918 916
543 130
563 52
683 688
288 31
137 103
95 103
584 744
187 334
860 25
756 49
130 262
847 368
345 558
613 888
19 29
420 689
10 579
641 169
734 619
159 672
345 232
791 75
125 56
136 524
198 395
556 394
450 465
599 418
112 87
145 8
91 129
456 428
77 66
25 280
409 228
256 222
46 7
94 566
253 34
421 360
129 644
216 79
509 410
412 422
160 450
711 586
10 21
70 25
17 16
364 470
514 63
712 61
291 356
349 411
381 7
373 320
275 241
483 43
463 219
168 2
43 418
260 401
291 293
18 201
51 124
158 83
819 748
5 467
464 130
194 118
826 260
105 503
667 186
823 603
311 583
39 491
789 710
66 105
14 57
561 916
788 226
367 375
349 318
707 278
806 541
63 385
668 818
30 41
35 359
155 249
622 144
83 73
283 594
258 284
231 849
353 173
366 96
16 171
332 538
182 655
511 296
811 304
696 564
678 738
284 800
200 526
588 27
810 16
9 48
567 715
669 462
413 345
244 745
533 77
104 25
661 786
322 383
213 112
56 42
308 348
197 315
30 18
351 695
759 753
519 552
858 541
917 674
760 432
68 527
862 466
139 368
724 456
64 267
236 8
390 200
640 338
365 447
15 34
207 49
51 98
384 440
512 344
576 633
133 114
550 875
591 320
127 154
102 515
904 268
126 83
219 355
238 838
735 123
751 647
512 534
252 466
175 815
330 91
79 285
317 166
5 25
11 12
113 119
253 316
98 241
486 344
565 378
283 114
37 116
188 872
282 311
56 674
6 8
295 258
587 365
319 68
500 15
615 79
298 7
879 186
146 354
299 312
22 7
903 179
286 303
5 66
580 783
221 590
283 521
694 284
684 410
789 813
408 11
38 3
504 692
387 241
645 309
19 71
592 409
301 779
144 140
72 38
561 851
603 6
136 460
121 170
726 496
15 59
835 566
27 24
538 571
272 57
912 663
93 52
840 304
814 509
143 139
83 561
90 286
59 367
389 28
896 120
607 728
36 80
36 14
208 109
233 60
588 630
289 84
162 805
9 374
41 115
147 520
193 152
403 547
451 244
73 531
516 863
429 409
459 480
161 683
292 400
48 247
423 833
614 78
67 27
412 377
340 263
197 97
662 431
919 42
438 434
489 731
63 53
413 494
156 656
54 88
174 360
14 20
424 357
98 427
122 94
535 333
82 12
584 439
234 143
410 736
246 752
341 362
499 834
832 592
62 79
899 69
500 575
314 122
887 636
48 264
727 299
490 335
240 337
203 186
66 222
3 214
343 109
67 68
113 121
410 77
282 47
869 550
15 14
125 128
156 363
181 199
423 271
445 597
499 334
270 165
729 350
448 81
54 8
8 155
36 532
20 47
211 35
456 807
16 181
136 576
30 195
16 19
118 21
746 480
157 66
144 297
286 481
168 278
106 14
383 828
166 41
304 905
7 14
226 198
97 25
625 302
20 33
637 79
816 713
172 536
33 308
24 505
248 455
443 607
154 209
339 219
132 131
24 7
212 279
435 304
699 723
446 141
32 187
909 479
686 398
247 733
575 902
53 26
278 388
143 217
889 423
65 59
772 266
825 478
106 163
448 618
118 127
626 524
487 49
75 223
82 577
3 1
218 658
77 142
147 469
693 499
83 198
37 271
62 220
335 207
234 266
148 147
175 142
17 31
188 396
529 432
898 246
868 303
154 495
607 732
64 30
431 316
900 112
230 67
636 520
93 156
618 761
110 269
384 202
185 143
172 31
251 119
787 157
48 62
5 1
76 243
694 885
743 871
61 398
104 870
120 75
567 632
548 307
430 378
567 275
513 602
921 353
596 459
774 397
660 866
281 913
492 517
718 9
300 107
191 130
666 165
159 737
484 747
432 103
42 1
608 720
11 379
12 646
148 859
138 804
